1.294095715075817554e-01
1.169461827696142014e-01
1.095765009834211573e-01
1.038540004847605808e-01
9.326339573349173850e-02
8.266411597099938835e-02
7.745354974810968185e-02
6.884952733549382087e-02
6.496716311425414225e-02
5.427779122427718594e-02
4.823645810592633310e-02
4.195582157368300813e-02
3.232370688089340749e-02
2.514135061996163739e-02
1.928064258310165785e-02
1.510043471949209723e-02
1.185282827561639184e-02
9.296822339524855872e-03
8.390805246961598185e-03
6.699854807442144275e-03
5.626813830539457127e-03
4.812919881456450936e-03
4.349024746803597206e-03
3.842165321558929907e-03
3.919500586884251507e-03
4.064586200511876440e-03
4.245095521645360533e-03
4.681925087210923354e-03
5.224795093957855345e-03
5.848991492173736227e-03
6.706333737995351547e-03
7.478371358503403329e-03
8.347009948642148194e-03
9.134012633991260913e-03
9.938647886792693203e-03
1.075219649640611792e-02
1.146301549348876896e-02
1.239549840888898996e-02
1.319333308882417524e-02
1.400212272202031039e-02
1.774246525284827597e-02
