2.994170996994755196e+00
2.763315458658833101e+00
2.572645304845063485e+00
2.401827404475791905e+00
2.255334073413755025e+00
2.124646390447923139e+00
2.006428980041278010e+00
1.906506611569370735e+00
1.813699982389161303e+00
1.730355739079825872e+00
1.653886714787537793e+00
1.664914229094690334e+00
1.672493868355279689e+00
1.682460915041739336e+00
1.692929233128527500e+00
1.703236249048617257e+00
1.711644504370541719e+00
1.715577912226358581e+00
1.722792008533215791e+00
1.728307931218357352e+00
1.729929666667338051e+00
1.735586360162018282e+00
1.739746258415919344e+00
1.744194117332146687e+00
1.747358862603936691e+00
1.749464530320031130e+00
1.753033455506332050e+00
1.753446532791958390e+00
1.753908881423907218e+00
1.753698070289432920e+00
1.754082452886636556e+00
1.754089689682748920e+00
1.753533899251355388e+00
1.753762379493061463e+00
1.752545550180155010e+00
1.752109559292362562e+00
1.750343385593638779e+00
1.748707008155079734e+00
1.747023300897504239e+00
1.745208881715527127e+00
1.742603949941114116e+00
