3.031773236936812221e-01
3.087264808525055915e-01
3.033730361901786354e-01
3.011802337345506064e-01
2.961792134568604351e-01
3.017336721052759629e-01
2.859067213997641410e-01
2.907319437866667244e-01
2.867114473004380715e-01
2.811572757865437588e-01
2.732675576716703802e-01
2.712310756503484299e-01
2.698670687168513993e-01
2.686889032975798841e-01
2.682301666923420091e-01
2.455858260556113282e-01
2.446446533634853149e-01
2.445180688547267944e-01
2.439809363971872924e-01
2.434978565225263680e-01
2.437421462752544787e-01
2.434706816418428510e-01
2.434571277021870539e-01
2.433739439540119343e-01
2.433423449453455678e-01
2.434137371425715013e-01
2.434681308188571813e-01
2.438630883962462081e-01
2.443707325879458658e-01
2.449140268108979668e-01
2.454895146978654241e-01
2.459877931230002313e-01
2.464983827553309526e-01
1.997814887618314938e-01
2.005674225347564010e-01
2.012597231946396947e-01
2.021471545430882366e-01
2.030621843456954234e-01
2.039803722936457953e-01
2.048506705297265806e-01
2.058783803340992202e-01
