1.366620242098558757e-01
1.250144503808398866e-01
1.179651752138344278e-01
1.127454564489426686e-01
1.017450740898276779e-01
9.051353296371326962e-02
8.493701419434487865e-02
7.541353514283971604e-02
7.098050301717935551e-02
5.921141824797040293e-02
5.250056541311647063e-02
4.576892133159680270e-02
3.539146192286984210e-02
2.754867595685065937e-02
2.115143007621734378e-02
1.655793068419476183e-02
1.298905885684217484e-02
1.017793676084695342e-02
9.167061740435796663e-03
7.301799055357788976e-03
6.122848074213124540e-03
5.215810435227826412e-03
4.697154923934520297e-03
4.123830343389235653e-03
4.192887392510157366e-03
4.332283721487617187e-03
4.498920881048140696e-03
4.944694396458007395e-03
5.498004753296939495e-03
6.133576252506966683e-03
7.003311891900152603e-03
7.773118765478358519e-03
8.638641185359965946e-03
9.407213686611641881e-03
1.019297643941002168e-02
1.097142088681100219e-02
1.165228147344154162e-02
1.254944060112734780e-02
1.331027222938614002e-02
1.407040518329485783e-02
1.775871703917354313e-02
