2.831939193584784298e-01
2.806223512877693560e-01
2.912632406024120435e-01
2.784160565339640625e-01
2.921398782531366423e-01
2.836084985855334417e-01
2.930278337458981364e-01
2.911562587553304104e-01
2.778501150707105571e-01
2.844143511884711373e-01
2.793493854864373405e-01
2.602724522158298415e-01
2.580948192718972578e-01
2.566269696420839241e-01
2.545997503331912659e-01
2.536914526931374758e-01
2.528752256700638190e-01
2.532717508438628307e-01
2.191907894893787290e-01
2.193956349610343415e-01
2.201750363928389187e-01
2.210527535751444783e-01
2.220915965144329152e-01
2.240783483193593828e-01
2.253230959270277611e-01
2.266829647047703122e-01
2.284270670110055135e-01
2.301878808605786475e-01
2.319047884340395271e-01
2.335289732826785203e-01
2.355712475180633536e-01
2.376178211890460912e-01
2.395751809167009916e-01
2.415219427227120741e-01
2.434291032918260711e-01
2.454603599834795924e-01
2.472279419031879477e-01
2.488799148461330879e-01
2.505300779801239996e-01
2.522696634736625865e-01
2.084873589128558580e-01
