3.161972213591420111e+00
2.953960147409539605e+00
2.769595227310763352e+00
2.607459758557289842e+00
2.460441533273390213e+00
2.326393367171667670e+00
2.200287621573731478e+00
2.088270013111949375e+00
1.981575474456670038e+00
1.887637928394645614e+00
1.800090451602197827e+00
1.816227772860219192e+00
1.831225709236883992e+00
1.843559292385464232e+00
1.857192992617672678e+00
1.867632838023583819e+00
1.875725412726713781e+00
1.878173300646091892e+00
1.882172240128225704e+00
1.883586671985734817e+00
1.882432375954896431e+00
1.880872665977713742e+00
1.879009244571685722e+00
1.872059118709889391e+00
1.869237874263723231e+00
1.864685931638246918e+00
1.857851908853296319e+00
1.851857320158466935e+00
1.845622496864973261e+00
1.839024873328547693e+00
1.831758898617891651e+00
1.823224179379842713e+00
1.814799581550976981e+00
1.806217937342904367e+00
1.797392935684733573e+00
1.787832971730632492e+00
1.779243325257543695e+00
1.770424552826371567e+00
1.762508046258912220e+00
1.753719531154010358e+00
1.744200144530784646e+00
