4.857912330811430673e-02
4.799764341832182812e-02
4.789627303255385854e-02
4.767205860962936415e-02
4.722142800601723117e-02
4.674290837300815876e-02
4.767294001111100493e-02
4.805010500011749203e-02
5.424804752191705187e-02
4.821559237644713197e-02
4.796225793899443202e-02
4.836089340218319849e-02
4.938462310223937224e-02
4.909259033303389058e-02
4.782285872147249567e-02
5.317058136773884086e-02
4.795452797154168417e-02
4.904712229437668131e-02
5.343400841594474204e-02
5.471032728709245008e-02
4.884869956971002458e-02
4.951942308842921525e-02
5.440657937091575302e-02
4.831868083177817685e-02
5.221253089933880487e-02
4.886161082593997590e-02
4.795654601860230987e-02
4.931780278461640743e-02
4.967589356192059213e-02
4.882722057988102271e-02
4.939658772423409505e-02
4.697091048268528524e-02
5.429632216143377710e-02
4.795694898044893656e-02
4.888300303178329947e-02
4.811099394598662010e-02
5.417081250901273348e-02
4.816746827944907300e-02
4.715899288712351034e-02
4.745342806884685766e-02
