1.363394605731155784e-01
1.289755909981958604e-01
1.269116059625221560e-01
1.345413896647024432e-01
1.261181723451744452e-01
1.279125181118986321e-01
1.345785166223265050e-01
1.329967654162684532e-01
1.294135293830612765e-01
1.320155216003313092e-01
1.376716406158571271e-01
1.274664251428024586e-01
1.348718456007737820e-01
1.351421481219721998e-01
1.363546416418078555e-01
1.279086951527282079e-01
1.311724819012207166e-01
1.316084916268299154e-01
1.322895976394841133e-01
1.330321900722725437e-01
1.294276266986356949e-01
1.339897509729459091e-01
1.372113161083580724e-01
1.359374871102465299e-01
1.348758173359650148e-01
1.339771461274488484e-01
1.334049337237904753e-01
1.363253961424421012e-01
1.313767963314031173e-01
1.322408942881753424e-01
1.287100760336164218e-01
1.263950601932157802e-01
1.241622259754490004e-01
1.282800188333835523e-01
1.360744610282058897e-01
1.319512616458001775e-01
1.327129203004857594e-01
1.310048343159169737e-01
1.270441220353470124e-01
1.278644406097127206e-01
