1.461145126255615143e-02
1.680384134679125535e-02
1.945118263441888290e-02
1.858581557899441697e-02
1.785287109184182860e-02
1.813628884013287340e-02
1.539075011867463254e-02
1.657679938571883158e-02
1.483713594419169141e-02
1.505920981441217360e-02
1.537518712962485622e-02
1.929101669421013146e-02
1.739810591590723945e-02
1.822793296454514739e-02
1.771107448832436732e-02
1.794213311296207619e-02
1.648592587867363235e-02
1.460652157163092740e-02
1.674300160863630496e-02
1.929530077304000488e-02
1.781209360814094145e-02
1.844212917831128395e-02
1.828702936918607039e-02
1.490075545422342961e-02
1.951972642924365217e-02
1.490197152016400038e-02
1.515144232157379471e-02
1.523652527378887428e-02
1.902330300164327762e-02
1.817259120810990614e-02
1.416255574058281064e-02
1.771864835787642298e-02
1.517572616975622520e-02
1.514519097194431257e-02
1.899700373031978917e-02
1.739709331469078621e-02
1.735474274444991083e-02
1.795498452294931602e-02
1.717288996807241411e-02
1.793698057592125333e-02
